1765287943021 0.2352430522441864 0
1765287947274 0.287109375 1
1765287950848 0.3172743022441864 2
1765287954171 0.3617621660232544 3
1765287957501 0.3873697817325592 4
1765287960861 0.4142795205116272 5
1765287964196 0.4375 6
1765287968180 0.4639756977558136 7
1765287971885 0.5054253339767456 8
1765287975471 0.529296875 9
1765287979007 0.564453125 10
1765287982665 0.5907118320465088 11
1765287986284 0.6219618320465088 12
1765287990027 0.6427951455116272 13
1765287993744 0.6885850429534912 14
1765287997428 0.6829426884651184 15
1765288001070 0.7230902910232544 16
1765288004770 0.7532551884651184 17
1765288008541 0.7667100429534912 18
1765288012268 0.7838541865348816 19
1765288015808 0.7996962070465088 20
1765288019571 0.80078125 21
1765288023400 0.8391926884651184 22
1765288027228 0.837890625 23
1765288031637 0.8461371660232544 24
1765288036752 0.8530815839767456 25
1765288042297 0.8561198115348816 26
1765288046641 0.8682725429534912 27
1765288050410 0.8697916865348816 28
1765288054110 0.8895399570465088 29
1765288058249 0.8960503339767456 30
1765288062091 0.896484375 31
1765288066155 0.9021267294883728 32
1765288071459 0.9073350429534912 33
1765288076562 0.9036458134651184 34
1765288082240 0.9095051884651184 35
1765288088449 0.9231770634651184 36
1765288092691 0.9227430820465088 37
1765288096512 0.9123263955116272 38
1765288100213 0.9207899570465088 39
1765288104151 0.9396701455116272 40
1765288108190 0.9535590410232544 41
1765288111938 0.9583333134651184 42
1765288116082 0.9607204794883728 43
1765288120223 0.9557291865348816 44
1765288124232 0.9646267294883728 45
1765288128110 0.9674479365348816 46
1765288131760 0.970703125 47
1765288135523 0.966796875 48
1765288139285 0.9654948115348816 49
1765288143129 0.9733073115348816 50
1765288146783 0.9756944179534912 51
1765288150468 0.9772135615348816 52
1765288154613 0.9752604365348816 53
1765288158645 0.9822048544883728 54
1765288162909 0.9780815839767456 55
1765288167793 0.9793837070465088 56
1765288172483 0.9826388955116272 57
1765288176673 0.9817708134651184 58
1765288180753 0.9826388955116272 59
1765288184690 0.9815537929534912 60
1765288188531 0.984375 61
1765288192456 0.9835069179534912 62
1765288196267 0.9884982705116272 63
1765288200027 0.9893662929534912 64
1765287943021 0.2352430522441864 0
1765288210311 0.9822048544883728 65
