1765287943021 0.0010000000474974513 0
1765287947274 0.0010000000474974513 1
1765287950848 0.0010000000474974513 2
1765287954171 0.0010000000474974513 3
1765287957501 0.0010000000474974513 4
1765287960861 0.0010000000474974513 5
1765287964196 0.0010000000474974513 6
1765287968180 0.0010000000474974513 7
1765287971885 0.0010000000474974513 8
1765287975471 0.0010000000474974513 9
1765287979007 0.0010000000474974513 10
1765287982665 0.0010000000474974513 11
1765287986284 0.0010000000474974513 12
1765287990027 0.0010000000474974513 13
1765287993744 0.0010000000474974513 14
1765287997428 0.0010000000474974513 15
1765288001070 0.0010000000474974513 16
1765288004770 0.0010000000474974513 17
1765288008541 0.0010000000474974513 18
1765288012268 0.0010000000474974513 19
1765288015808 0.0010000000474974513 20
1765288019571 0.0010000000474974513 21
1765288023400 0.0010000000474974513 22
1765288027228 0.0010000000474974513 23
1765288031637 0.0010000000474974513 24
1765288036752 0.0010000000474974513 25
1765288042297 0.0010000000474974513 26
1765288046641 0.0010000000474974513 27
1765288050410 0.0010000000474974513 28
1765288054110 0.0010000000474974513 29
1765288058249 0.0010000000474974513 30
1765288062091 0.0010000000474974513 31
1765288066155 0.0010000000474974513 32
1765288071459 0.0010000000474974513 33
1765288076562 0.0010000000474974513 34
1765288082240 0.0010000000474974513 35
1765288088449 0.0010000000474974513 36
1765288092691 0.0010000000474974513 37
1765288096512 0.0010000000474974513 38
1765288100213 0.0010000000474974513 39
1765288104151 0.0005000000237487257 40
1765288108190 0.0005000000237487257 41
1765288111938 0.0005000000237487257 42
1765288116082 0.0005000000237487257 43
1765288120223 0.0005000000237487257 44
1765288124232 0.0005000000237487257 45
1765288128110 0.0005000000237487257 46
1765288131760 0.0005000000237487257 47
1765288135523 0.0005000000237487257 48
1765288139285 0.0005000000237487257 49
1765288143129 0.0005000000237487257 50
1765288146783 0.0002500000118743628 51
1765288150468 0.0002500000118743628 52
1765288154613 0.0002500000118743628 53
1765288158645 0.0002500000118743628 54
1765288162909 0.0002500000118743628 55
1765288167793 0.0002500000118743628 56
1765288172483 0.0002500000118743628 57
1765288176673 0.0002500000118743628 58
1765288180753 0.0002500000118743628 59
1765288184690 0.0001250000059371814 60
1765288188531 0.0001250000059371814 61
1765288192456 0.0001250000059371814 62
1765288196267 0.0001250000059371814 63
1765288200027 0.0001250000059371814 64
1765287943021 0.0010000000474974513 0
1765288210311 0.0002500000118743628 65
