1765287943021 2.0766775608062744 0
1765287947274 1.8526426553726196 1
1765287950848 1.7619988918304443 2
1765287954171 1.6820813417434692 3
1765287957501 1.6205543279647827 4
1765287960861 1.5637173652648926 5
1765287964196 1.509692668914795 6
1765287968180 1.4514164924621582 7
1765287971885 1.3798784017562866 8
1765287975471 1.293973445892334 9
1765287979007 1.2175878286361694 10
1765287982665 1.1435236930847168 11
1765287986284 1.0697026252746582 12
1765287990027 1.0112992525100708 13
1765287993744 0.9119659066200256 14
1765287997428 0.8913958072662354 15
1765288001070 0.8161956667900085 16
1765288004770 0.7249429225921631 17
1765288008541 0.704367458820343 18
1765288012268 0.6523581147193909 19
1765288015808 0.6045939326286316 20
1765288019571 0.6127103567123413 21
1765288023400 0.5002024173736572 22
1765288027228 0.4853001832962036 23
1765288031637 0.46489953994750977 24
1765288036752 0.4560658633708954 25
1765288042297 0.4257432818412781 26
1765288046641 0.3972841501235962 27
1765288050410 0.3902129828929901 28
1765288054110 0.351669579744339 29
1765288058249 0.32828277349472046 30
1765288062091 0.3390119969844818 31
1765288066155 0.3145637512207031 32
1765288071459 0.28410354256629944 33
1765288076562 0.3038482964038849 34
1765288082240 0.28235915303230286 35
1765288088449 0.24202540516853333 36
1765288092691 0.24023959040641785 37
1765288096512 0.27515754103660583 38
1765288100213 0.26661553978919983 39
1765288104151 0.19640260934829712 40
1765288108190 0.15043321251869202 41
1765288111938 0.13629303872585297 42
1765288116082 0.12846048176288605 43
1765288120223 0.13636919856071472 44
1765288124232 0.12013248354196548 45
1765288128110 0.10627909749746323 46
1765288131760 0.09822720289230347 47
1765288135523 0.11123274266719818 48
1765288139285 0.104237399995327 49
1765288143129 0.09048867225646973 50
1765288146783 0.08194495737552643 51
1765288150468 0.07737436890602112 52
1765288154613 0.08490443229675293 53
1765288158645 0.05855037271976471 54
1765288162909 0.07644306868314743 55
1765288167793 0.06274376809597015 56
1765288172483 0.062313590198755264 57
1765288176673 0.06051022559404373 58
1765288180753 0.05524922534823418 59
1765288184690 0.054619740694761276 60
1765288188531 0.06044790521264076 61
1765288192456 0.05838281661272049 62
1765288196267 0.04186401143670082 63
1765288200027 0.03912442550063133 64
1765287943021 2.0766775608062744 0
1765288210311 0.05855037271976471 65
